153.8889    0.0390    0.0429    0.0472    0.0520    0.0572    0.0630    0.0693    0.0763    0.0840    0.0924    0.1017    0.1120    0.1233    0.1357    0.1493    0.1643    0.1809    0.1991    0.2191    0.2412    0.2655    0.2922    0.3216
   187.5    0.0000    0.0000    0.0000    0.0000    0.0000    0.0000    0.0000    0.0000    0.0000    0.0000    0.0000    0.0000    0.0000    0.0001    0.0001    0.0001    0.0001    0.0001    0.0002    0.0002    0.0001    0.0000    0.0008
   202.5    0.0000    0.0000    0.0000    0.0000    0.0000    0.0000    0.0000    0.0000    0.0001    0.0002    0.0003    0.0005    0.0004    0.0004    0.0010    0.0013    0.0010    0.0007    0.0026    0.0021    0.0010    0.0005    0.0015  
   217.5    0.0000    0.0000    0.0000    0.0000    0.0000    0.0000    0.0004    0.0004    0.0007    0.0018    0.0026    0.0052    0.0032    0.0043    0.0056    0.0063    0.0040    0.0023    0.0038    0.0038    0.0029    0.0014    0.0035
   232.5    0.0000    0.0000    0.0000    0.0000    0.0002    0.0003    0.0014    0.0026    0.0025    0.0077    0.0105    0.0182    0.0132    0.0106    0.0232    0.0154    0.0109    0.0061    0.0049    0.0053    0.0038    0.0022    0.0051
   247.5    0.0000    0.0001    0.0001    0.0002    0.0011    0.0027    0.0070    0.0096    0.0066    0.0722    0.0362    0.0545    0.0247    0.0197    0.0208    0.0234    0.0168    0.0083    0.0058    0.0057    0.0043    0.0026    0.0061
   262.5    0.0001    0.0002    0.0005    0.0013    0.0035    0.0073    0.0151    0.0233    0.0235    0.0826    0.0756    0.0708    0.0643    0.0278    0.0201    0.0244    0.0170    0.0096    0.0063    0.0057    0.0046    0.0029    0.0068
   277.5    0.0003    0.0008    0.0027    0.0087    0.0101    0.0141    0.0409    0.2066    0.1118    0.0706    0.0559    0.0760    0.0580    0.0279    0.0193    0.0245    0.0173    0.0108    0.0067    0.0059    0.0048    0.0031    0.0073
   292.5    0.0006    0.0018    0.0094    0.0518    0.0533    0.0749    0.1837    0.2431    0.1920    0.0613    0.0441    0.0660    0.0606    0.0447    0.0212    0.0184    0.0181    0.0121    0.0071    0.0060    0.0050    0.0033    0.0076
   307.5    0.0008    0.0017    0.0131    0.1023    0.2791    0.4085    0.5658    0.3293    0.2071    0.1637    0.0633    0.0459    0.0660    0.0467    0.0221    0.0173    0.0181    0.0127    0.0070    0.0057    0.0050    0.0033    0.0075
   322.5    0.0010    0.0017    0.0046    0.0582    0.3514    0.6965    0.6878    0.3285    0.2666    0.1754    0.0713    0.0548    0.0667    0.0483    0.0224    0.0171    0.0176    0.0116    0.0062    0.0052    0.0047    0.0031    0.0070
   337.5    0.0010    0.0020    0.0066    0.0406    0.2148    0.6991    0.5024    0.3033    0.2675    0.1233    0.0730    0.0609    0.0692    0.0491    0.0208    0.0164    0.0164    0.0113    0.0055    0.0044    0.0042    0.0029    0.0061
   352.5    0.0007    0.0016    0.0087    0.0558    0.1341    0.2195    0.3019    0.1731    0.1344    0.0573    0.0491    0.0778    0.0648    0.0419    0.0185    0.0139    0.0150    0.0106    0.0046    0.0035    0.0036    0.0025    0.0050  
     7.5    0.0004    0.0008    0.0053    0.0247    0.0334    0.0339    0.0419    0.0433    0.0518    0.0315    0.0173    0.0584    0.0423    0.0318    0.0125    0.0108    0.0130    0.0088    0.0039    0.0025    0.0031    0.0020    0.0036  
    22.5    0.0000    0.0001    0.0010    0.0034    0.0024    0.0026    0.0036    0.0049    0.0079    0.0082    0.0099    0.0215    0.0251    0.0120    0.0067    0.0088    0.0101    0.0068    0.0027    0.0014    0.0023    0.0016    0.0022
    37.5    0.0000    0.0000    0.0001    0.0002    0.0001    0.0002    0.0004    0.0006    0.0010    0.0010    0.0011    0.0020    0.0021    0.0022    0.0025    0.0069    0.0073    0.0047    0.0013    0.0005    0.0015    0.0011    0.0024
    52.5    0.0000    0.0000    0.0000    0.0000    0.0000    0.0000    0.0000    0.0001    0.0001    0.0001    0.0002    0.0003    0.0003    0.0002    0.0001    0.0003    0.0004    0.0002    0.0002    0.0001    0.0010    0.0008    0.0015
    67.5    0.0000    0.0000    0.0000    0.0000    0.0000    0.0000    0.0000    0.0000    0.0000    0.0000    0.0000    0.0000    0.0000    0.0000    0.0000    0.0000    0.0000    0.0000    0.0000    0.0000    0.0001    0.0001    0.0001